clk		we		re		full		empty		din		dout		wr_ptr		rd_ptr		looped
0		0		0		0		0		000000000		000000000		000000		000000		0
1		0		0		0		0		000000000		000000000		000000		000000		0
0		0		0		0		0		000000000		000000000		000000		000000		0
1		0		0		0		0		000000000		000000000		000000		000000		0
0		0		0		0		0		000000001		000000000		000000		000000		0
1		0		0		0		0		000000001		000000000		000000		000000		0
0		0		0		0		0		000000010		000000000		000000		000000		0
1		0		0		0		0		000000010		000000000		000000		000000		0
0		0		0		0		0		000000011		000000000		000000		000000		0
1		0		0		0		0		000000011		000000000		000000		000000		0
0		1		1		0		0		000000100		000000000		000000		000000		0
1		1		1		0		0		000000100		000000000		000000		000000		0
1		1		1		0		1		000000100		000000000		000001		000000		0
0		1		1		0		1		000000101		000000000		000001		000000		0
1		1		1		0		1		000000101		000000000		000001		000000		0
1		1		1		0		0		000000101		000000100		000010		000001		0
0		1		0		0		0		000000110		000000100		000010		000001		0
1		1		0		0		0		000000110		000000100		000010		000001		0
0		0		1		0		0		000000111		000000100		000011		000001		0
1		0		1		0		0		000000111		000000100		000011		000001		0
0		0		0		0		0		000001000		000000101		000011		000010		0
1		0		0		0		0		000001000		000000101		000011		000010		0
0		1		0		0		0		000001001		000000101		000011		000010		0
1		1		0		0		0		000001001		000000101		000011		000010		0
0		1		0		0		0		000001010		000000101		000100		000010		0
1		1		0		0		0		000001010		000000101		000100		000010		0
0		0		0		0		0		000001011		000000101		000101		000010		0
1		0		0		0		0		000001011		000000101		000101		000010		0
0		0		0		0		0		000001100		000000101		000101		000010		0
1		0		0		0		0		000001100		000000101		000101		000010		0
0		0		0		0		0		000001101		000000101		000101		000010		0
1		0		0		0		0		000001101		000000101		000101		000010		0
0		0		0		0		0		000001110		000000101		000101		000010		0
1		0		0		0		0		000001110		000000101		000101		000010		0
0		1		0		0		0		000001111		000000101		000101		000010		0
1		1		0		0		0		000001111		000000101		000101		000010		0
0		1		0		0		0		000010000		000000101		000110		000010		0
1		1		0		0		0		000010000		000000101		000110		000010		0
0		0		1		0		0		000010001		000000101		000111		000010		0
1		0		1		0		0		000010001		000000101		000111		000010		0
0		1		0		0		0		000010010		000000110		000111		000011		0
1		1		0		0		0		000010010		000000110		000111		000011		0
0		1		0		0		0		000010011		000000110		001000		000011		0
1		1		0		0		0		000010011		000000110		001000		000011		0
0		1		1		0		0		000010100		000000110		001001		000011		0
1		1		1		0		0		000010100		000000110		001001		000011		0
0		0		1		0		0		000010101		000001001		001010		000100		0
1		0		1		0		0		000010101		000001001		001010		000100		0
0		0		0		0		0		000010110		000001010		001010		000101		0
1		0		0		0		0		000010110		000001010		001010		000101		0
0		1		1		0		0		000010111		000001010		001010		000101		0
1		1		1		0		0		000010111		000001010		001010		000101		0
0		0		0		0		0		000011000		000001111		001011		000110		0
1		0		0		0		0		000011000		000001111		001011		000110		0
0		0		1		0		0		000011001		000001111		001011		000110		0
1		0		1		0		0		000011001		000001111		001011		000110		0
0		1		1		0		0		000011010		000010000		001011		000111		0
1		1		1		0		0		000011010		000010000		001011		000111		0
0		1		0		0		0		000011011		000010010		001100		001000		0
1		1		0		0		0		000011011		000010010		001100		001000		0
0		1		1		0		0		000011100		000010010		001101		001000		0
1		1		1		0		0		000011100		000010010		001101		001000		0
0		1		0		0		0		000011101		000010011		001110		001001		0
1		1		0		0		0		000011101		000010011		001110		001001		0
0		1		1		0		0		000011110		000010011		001111		001001		0
1		1		1		0		0		000011110		000010011		001111		001001		0
0		1		0		0		0		000011111		000010100		010000		001010		0
1		1		0		0		0		000011111		000010100		010000		001010		0
0		1		1		0		0		000100000		000010100		010001		001010		0
1		1		1		0		0		000100000		000010100		010001		001010		0
0		0		1		0		0		000100001		000010111		010010		001011		0
1		0		1		0		0		000100001		000010111		010010		001011		0
0		1		1		0		0		000100010		000011010		010010		001100		0
1		1		1		0		0		000100010		000011010		010010		001100		0
0		1		0		0		0		000100011		000011011		010011		001101		0
1		1		0		0		0		000100011		000011011		010011		001101		0
0		0		0		0		0		000100100		000011011		010100		001101		0
1		0		0		0		0		000100100		000011011		010100		001101		0
0		0		0		0		0		000100101		000011011		010100		001101		0
1		0		0		0		0		000100101		000011011		010100		001101		0
0		1		1		0		0		000100110		000011011		010100		001101		0
1		1		1		0		0		000100110		000011011		010100		001101		0
0		1		1		0		0		000100111		000011100		010101		001110		0
1		1		1		0		0		000100111		000011100		010101		001110		0
0		1		0		0		0		000101000		000011101		010110		001111		0
1		1		0		0		0		000101000		000011101		010110		001111		0
0		1		1		0		0		000101001		000011101		010111		001111		0
1		1		1		0		0		000101001		000011101		010111		001111		0
0		1		1		0		0		000101010		000011110		011000		010000		0
1		1		1		0		0		000101010		000011110		011000		010000		0
0		0		1		0		0		000101011		000011111		011001		010001		0
1		0		1		0		0		000101011		000011111		011001		010001		0
0		1		1		0		0		000101100		000100000		011001		010010		0
1		1		1		0		0		000101100		000100000		011001		010010		0
0		1		1		0		0		000101101		000100010		011010		010011		0
1		1		1		0		0		000101101		000100010		011010		010011		0
0		0		1		0		0		000101110		000100011		011011		010100		0
1		0		1		0		0		000101110		000100011		011011		010100		0
0		0		1		0		0		000101111		000100110		011011		010101		0
1		0		1		0		0		000101111		000100110		011011		010101		0
0		1		1		0		0		000110000		000100111		011011		010110		0
1		1		1		0		0		000110000		000100111		011011		010110		0
0		0		0		0		0		000110001		000101000		011100		010111		0
1		0		0		0		0		000110001		000101000		011100		010111		0
0		1		0		0		0		000110010		000101000		011100		010111		0
1		1		0		0		0		000110010		000101000		011100		010111		0
0		0		1		0		0		000110011		000101000		011101		010111		0
1		0		1		0		0		000110011		000101000		011101		010111		0
0		0		0		0		0		000110100		000101001		011101		011000		0
1		0		0		0		0		000110100		000101001		011101		011000		0
0		1		1		0		0		000110101		000101001		011101		011000		0
1		1		1		0		0		000110101		000101001		011101		011000		0
0		1		1		0		0		000110110		000101010		011110		011001		0
1		1		1		0		0		000110110		000101010		011110		011001		0
0		1		1		0		0		000110111		000101100		011111		011010		0
1		1		1		0		0		000110111		000101100		011111		011010		0
0		1		0		0		0		000111000		000101101		100000		011011		0
1		1		0		0		0		000111000		000101101		100000		011011		0
0		0		0		0		0		000111001		000101101		100001		011011		0
1		0		0		0		0		000111001		000101101		100001		011011		0
0		0		1		0		0		000111010		000101101		100001		011011		0
1		0		1		0		0		000111010		000101101		100001		011011		0
0		0		0		0		0		000111011		000110000		100001		011100		0
1		0		0		0		0		000111011		000110000		100001		011100		0
0		0		1		0		0		000111100		000110000		100001		011100		0
1		0		1		0		0		000111100		000110000		100001		011100		0
0		0		1		0		0		000111101		000110010		100001		011101		0
1		0		1		0		0		000111101		000110010		100001		011101		0
0		0		0		0		0		000111110		000110101		100001		011110		0
1		0		0		0		0		000111110		000110101		100001		011110		0
0		1		1		0		0		000111111		000110101		100001		011110		0
1		1		1		0		0		000111111		000110101		100001		011110		0
0		1		0		0		0		001000000		000110110		100010		011111		0
1		1		0		0		0		001000000		000110110		100010		011111		0
0		1		0		0		0		001000001		000110110		100011		011111		0
1		1		0		0		0		001000001		000110110		100011		011111		0
0		0		1		0		0		001000010		000110110		100100		011111		0
1		0		1		0		0		001000010		000110110		100100		011111		0
0		0		1		0		0		001000011		000110111		100100		100000		0
1		0		1		0		0		001000011		000110111		100100		100000		0
0		1		0		0		0		001000100		000111000		100100		100001		0
1		1		0		0		0		001000100		000111000		100100		100001		0
0		0		0		0		0		001000101		000111000		100101		100001		0
1		0		0		0		0		001000101		000111000		100101		100001		0
0		0		1		0		0		001000110		000111000		100101		100001		0
1		0		1		0		0		001000110		000111000		100101		100001		0
0		1		0		0		0		001000111		000111111		100101		100010		0
1		1		0		0		0		001000111		000111111		100101		100010		0
0		0		1		0		0		001001000		000111111		100110		100010		0
1		0		1		0		0		001001000		000111111		100110		100010		0
0		0		1		0		0		001001001		001000000		100110		100011		0
1		0		1		0		0		001001001		001000000		100110		100011		0
0		1		1		0		0		001001010		001000001		100110		100100		0
1		1		1		0		0		001001010		001000001		100110		100100		0
0		0		0		0		0		001001011		001000100		100111		100101		0
1		0		0		0		0		001001011		001000100		100111		100101		0
0		0		0		0		0		001001100		001000100		100111		100101		0
1		0		0		0		0		001001100		001000100		100111		100101		0
0		1		0		0		0		001001101		001000100		100111		100101		0
1		1		0		0		0		001001101		001000100		100111		100101		0
0		0		0		0		0		001001110		001000100		101000		100101		0
1		0		0		0		0		001001110		001000100		101000		100101		0
0		1		1		0		0		001001111		001000100		101000		100101		0
1		1		1		0		0		001001111		001000100		101000		100101		0
0		0		1		0		0		001010000		001000111		101001		100110		0
1		0		1		0		0		001010000		001000111		101001		100110		0
0		1		1		0		0		001010001		001001010		101001		100111		0
1		1		1		0		0		001010001		001001010		101001		100111		0
0		0		0		0		0		001010010		001001101		101010		101000		0
1		0		0		0		0		001010010		001001101		101010		101000		0
0		0		1		0		0		001010011		001001101		101010		101000		0
1		0		1		0		0		001010011		001001101		101010		101000		0
0		0		1		0		0		001010100		001001111		101010		101001		0
1		0		1		0		0		001010100		001001111		101010		101001		0
0		0		1		0		0		001010101		001010001		101010		101010		0
1		0		1		0		0		001010101		001010001		101010		101010		0
1		0		1		0		1		001010101		001010001		101010		101010		0
0		1		1		0		1		001010110		001010001		101010		101010		0
1		1		1		0		1		001010110		001010001		101010		101010		0
0		0		0		0		1		001010111		001010001		101011		101010		0
1		0		0		0		1		001010111		001010001		101011		101010		0
1		0		0		0		0		001010111		001010001		101011		101010		0
0		0		1		0		0		001011000		001010001		101011		101010		0
1		0		1		0		0		001011000		001010001		101011		101010		0
0		1		0		0		0		001011001		001010110		101011		101011		0
1		1		0		0		0		001011001		001010110		101011		101011		0
0		1		0		0		0		001011010		001010110		101100		101011		0
1		1		0		0		0		001011010		001010110		101100		101011		0
0		0		1		0		0		001011011		001010110		101101		101011		0
1		0		1		0		0		001011011		001010110		101101		101011		0
0		0		1		0		0		001011100		001011001		101101		101100		0
1		0		1		0		0		001011100		001011001		101101		101100		0
0		1		1		0		0		001011101		001011010		101101		101101		0
1		1		1		0		0		001011101		001011010		101101		101101		0
1		1		1		0		1		001011101		001011010		101110		101101		0
0		1		0		0		1		001011110		001011010		101110		101101		0
1		1		0		0		1		001011110		001011010		101110		101101		0
1		1		0		0		0		001011110		001011010		101111		101101		0
0		0		0		0		0		001011111		001011010		101111		101101		0
1		0		0		0		0		001011111		001011010		101111		101101		0
0		1		0		0		0		001100000		001011010		101111		101101		0
1		1		0		0		0		001100000		001011010		101111		101101		0
0		0		1		0		0		001100001		001011010		110000		101101		0
1		0		1		0		0		001100001		001011010		110000		101101		0
0		1		1		0		0		001100010		001011101		110000		101110		0
1		1		1		0		0		001100010		001011101		110000		101110		0
0		1		0		0		0		001100011		001011110		110001		101111		0
1		1		0		0		0		001100011		001011110		110001		101111		0
0		0		0		0		0		001100100		001011110		110010		101111		0
1		0		0		0		0		001100100		001011110		110010		101111		0
0		0		0		0		0		001100101		001011110		110010		101111		0
1		0		0		0		0		001100101		001011110		110010		101111		0
0		0		1		0		0		001100110		001011110		110010		101111		0
1		0		1		0		0		001100110		001011110		110010		101111		0
0		1		0		0		0		001100111		001100000		110010		110000		0
1		1		0		0		0		001100111		001100000		110010		110000		0
0		0		0		0		0		001101000		001100000		110011		110000		0
1		0		0		0		0		001101000		001100000		110011		110000		0
0		1		1		0		0		001101001		001100000		110011		110000		0
1		1		1		0		0		001101001		001100000		110011		110000		0
0		0		0		0		0		001101010		001100010		110100		110001		0
1		0		0		0		0		001101010		001100010		110100		110001		0
0		1		1		0		0		001101011		001100010		110100		110001		0
1		1		1		0		0		001101011		001100010		110100		110001		0
0		0		0		0		0		001101100		001100011		110101		110010		0
1		0		0		0		0		001101100		001100011		110101		110010		0
0		1		0		0		0		001101101		001100011		110101		110010		0
1		1		0		0		0		001101101		001100011		110101		110010		0
0		1		1		0		0		001101110		001100011		110110		110010		0
1		1		1		0		0		001101110		001100011		110110		110010		0
0		1		0		0		0		001101111		001100111		110111		110011		0
1		1		0		0		0		001101111		001100111		110111		110011		0
0		0		0		0		0		001110000		001100111		111000		110011		0
1		0		0		0		0		001110000		001100111		111000		110011		0
0		1		0		0		0		001110001		001100111		111000		110011		0
1		1		0		0		0		001110001		001100111		111000		110011		0
0		0		1		0		0		001110010		001100111		111001		110011		0
1		0		1		0		0		001110010		001100111		111001		110011		0
0		0		0		0		0		001110011		001101001		111001		110100		0
1		0		0		0		0		001110011		001101001		111001		110100		0
0		1		1		0		0		001110100		001101001		111001		110100		0
1		1		1		0		0		001110100		001101001		111001		110100		0
0		1		0		0		0		001110101		001101011		111010		110101		0
1		1		0		0		0		001110101		001101011		111010		110101		0
0		0		1		0		0		001110110		001101011		111011		110101		0
1		0		1		0		0		001110110		001101011		111011		110101		0
0		0		1		0		0		001110111		001101101		111011		110110		0
1		0		1		0		0		001110111		001101101		111011		110110		0
0		0		0		0		0		001111000		001101110		111011		110111		0
1		0		0		0		0		001111000		001101110		111011		110111		0
0		0		0		0		0		001111001		001101110		111011		110111		0
1		0		0		0		0		001111001		001101110		111011		110111		0
0		0		1		0		0		001111010		001101110		111011		110111		0
1		0		1		0		0		001111010		001101110		111011		110111		0
0		0		1		0		0		001111011		001101111		111011		111000		0
1		0		1		0		0		001111011		001101111		111011		111000		0
0		0		0		0		0		001111100		001110001		111011		111001		0
1		0		0		0		0		001111100		001110001		111011		111001		0
0		1		1		0		0		001111101		001110001		111011		111001		0
1		1		1		0		0		001111101		001110001		111011		111001		0
0		0		0		0		0		001111110		001110100		111100		111010		0
1		0		0		0		0		001111110		001110100		111100		111010		0
0		1		0		0		0		001111111		001110100		111100		111010		0
1		1		0		0		0		001111111		001110100		111100		111010		0
0		1		0		0		0		010000000		001110100		111101		111010		0
1		1		0		0		0		010000000		001110100		111101		111010		0
0		0		1		0		0		010000001		001110100		111110		111010		0
1		0		1		0		0		010000001		001110100		111110		111010		0
0		1		0		0		0		010000010		001110101		111110		111011		0
1		1		0		0		0		010000010		001110101		111110		111011		0
0		1		0		0		0		010000011		001110101		111111		111011		0
1		1		0		0		0		010000011		001110101		111111		111011		0
1		1		0		0		0		010000011		001110101		000000		111011		1
0		0		1		0		0		010000100		001110101		000000		111011		1
1		0		1		0		0		010000100		001110101		000000		111011		1
0		1		0		0		0		010000101		001111101		000000		111100		1
1		1		0		0		0		010000101		001111101		000000		111100		1
0		1		0		0		0		010000110		001111101		000001		111100		1
1		1		0		0		0		010000110		001111101		000001		111100		1
0		0		0		0		0		010000111		001111101		000010		111100		1
1		0		0		0		0		010000111		001111101		000010		111100		1
0		1		0		0		0		010001000		001111101		000010		111100		1
1		1		0		0		0		010001000		001111101		000010		111100		1
0		1		1		0		0		010001001		001111101		000011		111100		1
1		1		1		0		0		010001001		001111101		000011		111100		1
0		1		0		0		0		010001010		001111111		000100		111101		1
1		1		0		0		0		010001010		001111111		000100		111101		1
0		1		0		0		0		010001011		001111111		000101		111101		1
1		1		0		0		0		010001011		001111111		000101		111101		1
0		0		0		0		0		010001100		001111111		000110		111101		1
1		0		0		0		0		010001100		001111111		000110		111101		1
0		1		0		0		0		010001101		001111111		000110		111101		1
1		1		0		0		0		010001101		001111111		000110		111101		1
0		1		0		0		0		010001110		001111111		000111		111101		1
1		1		0		0		0		010001110		001111111		000111		111101		1
0		1		1		0		0		010001111		001111111		001000		111101		1
1		1		1		0		0		010001111		001111111		001000		111101		1
0		0		1		0		0		010010000		010000000		001001		111110		1
1		0		1		0		0		010010000		010000000		001001		111110		1
0		0		0		0		0		010010001		010000010		001001		111111		1
1		0		0		0		0		010010001		010000010		001001		111111		1
0		0		1		0		0		010010010		010000010		001001		111111		1
1		0		1		0		0		010010010		010000010		001001		111111		1
1		0		1		0		0		010010010		010000011		001001		000000		0
0		0		1		0		0		010010011		010000011		001001		000000		0
1		0		1		0		0		010010011		010000011		001001		000000		0
0		1		0		0		0		010010100		010000101		001001		000001		0
1		1		0		0		0		010010100		010000101		001001		000001		0
0		1		0		0		0		010010101		010000101		001010		000001		0
1		1		0		0		0		010010101		010000101		001010		000001		0
0		1		1		0		0		010010110		010000101		001011		000001		0
1		1		1		0		0		010010110		010000101		001011		000001		0
0		1		0		0		0		010010111		010000110		001100		000010		0
1		1		0		0		0		010010111		010000110		001100		000010		0
0		0		1		0		0		010011000		010000110		001101		000010		0
1		0		1		0		0		010011000		010000110		001101		000010		0
0		0		1		0		0		010011001		010001000		001101		000011		0
1		0		1		0		0		010011001		010001000		001101		000011		0
0		0		1		0		0		010011010		010001001		001101		000100		0
1		0		1		0		0		010011010		010001001		001101		000100		0
0		1		1		0		0		010011011		010001010		001101		000101		0
1		1		1		0		0		010011011		010001010		001101		000101		0
0		1		1		0		0		010011100		010001011		001110		000110		0
1		1		1		0		0		010011100		010001011		001110		000110		0
0		0		1		0		0		010011101		010001101		001111		000111		0
1		0		1		0		0		010011101		010001101		001111		000111		0
0		1		1		0		0		010011110		010001110		001111		001000		0
1		1		1		0		0		010011110		010001110		001111		001000		0
0		1		1		0		0		010011111		010001111		010000		001001		0
1		1		1		0		0		010011111		010001111		010000		001001		0
0		0		1		0		0		010100000		010010100		010001		001010		0
1		0		1		0		0		010100000		010010100		010001		001010		0
0		0		1		0		0		010100001		010010101		010001		001011		0
1		0		1		0		0		010100001		010010101		010001		001011		0
0		0		0		0		0		010100010		010010110		010001		001100		0
1		0		0		0		0		010100010		010010110		010001		001100		0
0		1		1		0		0		010100011		010010110		010001		001100		0
1		1		1		0		0		010100011		010010110		010001		001100		0
0		1		1		0		0		010100100		010010111		010010		001101		0
1		1		1		0		0		010100100		010010111		010010		001101		0
0		0		0		0		0		010100101		010011011		010011		001110		0
1		0		0		0		0		010100101		010011011		010011		001110		0
0		1		1		0		0		010100110		010011011		010011		001110		0
1		1		1		0		0		010100110		010011011		010011		001110		0
0		1		1		0		0		010100111		010011100		010100		001111		0
1		1		1		0		0		010100111		010011100		010100		001111		0
0		0		0		0		0		010101000		010011110		010101		010000		0
1		0		0		0		0		010101000		010011110		010101		010000		0
0		0		0		0		0		010101001		010011110		010101		010000		0
1		0		0		0		0		010101001		010011110		010101		010000		0
0		1		1		0		0		010101010		010011110		010101		010000		0
1		1		1		0		0		010101010		010011110		010101		010000		0
0		1		0		0		0		010101011		010011111		010110		010001		0
1		1		0		0		0		010101011		010011111		010110		010001		0
0		0		0		0		0		010101100		010011111		010111		010001		0
1		0		0		0		0		010101100		010011111		010111		010001		0
0		1		1		0		0		010101101		010011111		010111		010001		0
1		1		1		0		0		010101101		010011111		010111		010001		0
0		0		0		0		0		010101110		010100011		011000		010010		0
1		0		0		0		0		010101110		010100011		011000		010010		0
0		1		1		0		0		010101111		010100011		011000		010010		0
1		1		1		0		0		010101111		010100011		011000		010010		0
0		1		1		0		0		010110000		010100100		011001		010011		0
1		1		1		0		0		010110000		010100100		011001		010011		0
0		1		0		0		0		010110001		010100110		011010		010100		0
1		1		0		0		0		010110001		010100110		011010		010100		0
0		0		1		0		0		010110010		010100110		011011		010100		0
1		0		1		0		0		010110010		010100110		011011		010100		0
0		0		0		0		0		010110011		010100111		011011		010101		0
1		0		0		0		0		010110011		010100111		011011		010101		0
0		0		1		0		0		010110100		010100111		011011		010101		0
1		0		1		0		0		010110100		010100111		011011		010101		0
0		0		0		0		0		010110101		010101010		011011		010110		0
1		0		0		0		0		010110101		010101010		011011		010110		0
0		0		1		0		0		010110110		010101010		011011		010110		0
1		0		1		0		0		010110110		010101010		011011		010110		0
0		0		0		0		0		010110111		010101011		011011		010111		0
1		0		0		0		0		010110111		010101011		011011		010111		0
0		0		1		0		0		010111000		010101011		011011		010111		0
1		0		1		0		0		010111000		010101011		011011		010111		0
0		1		0		0		0		010111001		010101101		011011		011000		0
1		1		0		0		0		010111001		010101101		011011		011000		0
0		0		1		0		0		010111010		010101101		011100		011000		0
1		0		1		0		0		010111010		010101101		011100		011000		0
0		1		1		0		0		010111011		010101111		011100		011001		0
1		1		1		0		0		010111011		010101111		011100		011001		0
0		0		0		0		0		010111100		010110000		011101		011010		0
1		0		0		0		0		010111100		010110000		011101		011010		0
0		0		0		0		0		010111101		010110000		011101		011010		0
1		0		0		0		0		010111101		010110000		011101		011010		0
0		0		0		0		0		010111110		010110000		011101		011010		0
1		0		0		0		0		010111110		010110000		011101		011010		0
0		0		1		0		0		010111111		010110000		011101		011010		0
1		0		1		0		0		010111111		010110000		011101		011010		0
0		0		0		0		0		011000000		010110001		011101		011011		0
1		0		0		0		0		011000000		010110001		011101		011011		0
0		0		0		0		0		011000001		010110001		011101		011011		0
1		0		0		0		0		011000001		010110001		011101		011011		0
0		1		1		0		0		011000010		010110001		011101		011011		0
1		1		1		0		0		011000010		010110001		011101		011011		0
0		1		1		0		0		011000011		010111001		011110		011100		0
1		1		1		0		0		011000011		010111001		011110		011100		0
0		0		0		0		0		011000100		010111011		011111		011101		0
1		0		0		0		0		011000100		010111011		011111		011101		0
0		1		0		0		0		011000101		010111011		011111		011101		0
1		1		0		0		0		011000101		010111011		011111		011101		0
0		1		1		0		0		011000110		010111011		100000		011101		0
1		1		1		0		0		011000110		010111011		100000		011101		0
0		0		0		0		0		011000111		011000010		100001		011110		0
1		0		0		0		0		011000111		011000010		100001		011110		0
0		1		1		0		0		011001000		011000010		100001		011110		0
1		1		1		0		0		011001000		011000010		100001		011110		0
0		1		1		0		0		011001001		011000011		100010		011111		0
1		1		1		0		0		011001001		011000011		100010		011111		0
0		0		0		0		0		011001010		011000101		100011		100000		0
1		0		0		0		0		011001010		011000101		100011		100000		0
0		0		1		0		0		011001011		011000101		100011		100000		0
1		0		1		0		0		011001011		011000101		100011		100000		0
0		1		0		0		0		011001100		011000110		100011		100001		0
1		1		0		0		0		011001100		011000110		100011		100001		0
0		1		0		0		0		011001101		011000110		100100		100001		0
1		1		0		0		0		011001101		011000110		100100		100001		0
0		0		1		0		0		011001110		011000110		100101		100001		0
1		0		1		0		0		011001110		011000110		100101		100001		0
0		1		0		0		0		011001111		011001000		100101		100010		0
1		1		0		0		0		011001111		011001000		100101		100010		0
0		0		0		0		0		011010000		011001000		100110		100010		0
1		0		0		0		0		011010000		011001000		100110		100010		0
0		0		0		0		0		011010001		011001000		100110		100010		0
1		0		0		0		0		011010001		011001000		100110		100010		0
0		1		0		0		0		011010010		011001000		100110		100010		0
1		1		0		0		0		011010010		011001000		100110		100010		0
0		1		0		0		0		011010011		011001000		100111		100010		0
1		1		0		0		0		011010011		011001000		100111		100010		0
0		1		1		0		0		011010100		011001000		101000		100010		0
1		1		1		0		0		011010100		011001000		101000		100010		0
0		0		0		0		0		011010101		011001001		101001		100011		0
1		0		0		0		0		011010101		011001001		101001		100011		0
0		1		1		0		0		011010110		011001001		101001		100011		0
1		1		1		0		0		011010110		011001001		101001		100011		0
0		1		0		0		0		011010111		011001100		101010		100100		0
1		1		0		0		0		011010111		011001100		101010		100100		0
0		1		0		0		0		011011000		011001100		101011		100100		0
1		1		0		0		0		011011000		011001100		101011		100100		0
0		1		0		0		0		011011001		011001100		101100		100100		0
1		1		0		0		0		011011001		011001100		101100		100100		0
0		0		1		0		0		011011010		011001100		101101		100100		0
1		0		1		0		0		011011010		011001100		101101		100100		0
0		0		0		0		0		011011011		011001101		101101		100101		0
1		0		0		0		0		011011011		011001101		101101		100101		0
0		1		0		0		0		011011100		011001101		101101		100101		0
1		1		0		0		0		011011100		011001101		101101		100101		0
0		1		0		0		0		011011101		011001101		101110		100101		0
1		1		0		0		0		011011101		011001101		101110		100101		0
0		0		0		0		0		011011110		011001101		101111		100101		0
1		0		0		0		0		011011110		011001101		101111		100101		0
0		1		1		0		0		011011111		011001101		101111		100101		0
1		1		1		0		0		011011111		011001101		101111		100101		0
0		1		0		0		0		011100000		011001111		110000		100110		0
1		1		0		0		0		011100000		011001111		110000		100110		0
0		0		0		0		0		011100001		011001111		110001		100110		0
1		0		0		0		0		011100001		011001111		110001		100110		0
0		1		1		0		0		011100010		011001111		110001		100110		0
1		1		1		0		0		011100010		011001111		110001		100110		0
0		1		1		0		0		011100011		011010010		110010		100111		0
1		1		1		0		0		011100011		011010010		110010		100111		0
0		0		0		0		0		011100100		011010011		110011		101000		0
1		0		0		0		0		011100100		011010011		110011		101000		0
0		0		0		0		0		011100101		011010011		110011		101000		0
1		0		0		0		0		011100101		011010011		110011		101000		0
0		0		0		0		0		011100110		011010011		110011		101000		0
1		0		0		0		0		011100110		011010011		110011		101000		0
0		1		0		0		0		011100111		011010011		110011		101000		0
1		1		0		0		0		011100111		011010011		110011		101000		0
0		0		1		0		0		011101000		011010011		110100		101000		0
1		0		1		0		0		011101000		011010011		110100		101000		0
0		1		1		0		0		011101001		011010100		110100		101001		0
1		1		1		0		0		011101001		011010100		110100		101001		0
0		1		1		0		0		011101010		011010110		110101		101010		0
1		1		1		0		0		011101010		011010110		110101		101010		0
0		0		1		0		0		011101011		011010111		110110		101011		0
1		0		1		0		0		011101011		011010111		110110		101011		0
0		0		0		0		0		011101100		011011000		110110		101100		0
1		0		0		0		0		011101100		011011000		110110		101100		0
0		1		1		0		0		011101101		011011000		110110		101100		0
1		1		1		0		0		011101101		011011000		110110		101100		0
0		1		1		0		0		011101110		011011001		110111		101101		0
1		1		1		0		0		011101110		011011001		110111		101101		0
0		0		0		0		0		011101111		011011100		111000		101110		0
1		0		0		0		0		011101111		011011100		111000		101110		0
0		1		0		0		0		011110000		011011100		111000		101110		0
1		1		0		0		0		011110000		011011100		111000		101110		0
0		1		0		0		0		011110001		011011100		111001		101110		0
1		1		0		0		0		011110001		011011100		111001		101110		0
0		1		0		0		0		011110010		011011100		111010		101110		0
1		1		0		0		0		011110010		011011100		111010		101110		0
0		0		1		0		0		011110011		011011100		111011		101110		0
1		0		1		0		0		011110011		011011100		111011		101110		0
0		1		0		0		0		011110100		011011101		111011		101111		0
1		1		0		0		0		011110100		011011101		111011		101111		0
0		0		0		0		0		011110101		011011101		111100		101111		0
1		0		0		0		0		011110101		011011101		111100		101111		0
0		1		0		0		0		011110110		011011101		111100		101111		0
1		1		0		0		0		011110110		011011101		111100		101111		0
0		1		1		0		0		011110111		011011101		111101		101111		0
1		1		1		0		0		011110111		011011101		111101		101111		0
0		0		0		0		0		011111000		011011111		111110		110000		0
1		0		0		0		0		011111000		011011111		111110		110000		0
0		1		0		0		0		011111001		011011111		111110		110000		0
1		1		0		0		0		011111001		011011111		111110		110000		0
0		0		1		0		0		011111010		011011111		111111		110000		0
1		0		1		0		0		011111010		011011111		111111		110000		0
0		0		1		0		0		011111011		011100000		111111		110001		0
1		0		1		0		0		011111011		011100000		111111		110001		0
0		1		0		0		0		011111100		011100010		111111		110010		0
1		1		0		0		0		011111100		011100010		111111		110010		0
1		1		0		0		0		011111100		011100010		000000		110010		1
0		1		0		0		0		011111101		011100010		000000		110010		1
1		1		0		0		0		011111101		011100010		000000		110010		1
0		0		0		0		0		011111110		011100010		000001		110010		1
1		0		0		0		0		011111110		011100010		000001		110010		1
0		1		0		0		0		011111111		011100010		000001		110010		1
1		1		0		0		0		011111111		011100010		000001		110010		1
0		1		0		0		0		100000000		011100010		000010		110010		1
1		1		0		0		0		100000000		011100010		000010		110010		1
0		0		0		0		0		100000001		011100010		000011		110010		1
1		0		0		0		0		100000001		011100010		000011		110010		1
0		1		1		0		0		100000010		011100010		000011		110010		1
1		1		1		0		0		100000010		011100010		000011		110010		1
0		0		0		0		0		100000011		011100011		000100		110011		1
1		0		0		0		0		100000011		011100011		000100		110011		1
0		1		1		0		0		100000100		011100011		000100		110011		1
1		1		1		0		0		100000100		011100011		000100		110011		1
0		1		1		0		0		100000101		011100111		000101		110100		1
1		1		1		0		0		100000101		011100111		000101		110100		1
0		1		0		0		0		100000110		011101001		000110		110101		1
1		1		0		0		0		100000110		011101001		000110		110101		1
0		0		0		0		0		100000111		011101001		000111		110101		1
1		0		0		0		0		100000111		011101001		000111		110101		1
0		0		0		0		0		100001000		011101001		000111		110101		1
1		0		0		0		0		100001000		011101001		000111		110101		1
0		0		0		0		0		100001001		011101001		000111		110101		1
1		0		0		0		0		100001001		011101001		000111		110101		1
0		1		1		0		0		100001010		011101001		000111		110101		1
1		1		1		0		0		100001010		011101001		000111		110101		1
0		1		0		0		0		100001011		011101010		001000		110110		1
1		1		0		0		0		100001011		011101010		001000		110110		1
0		0		0		0		0		100001100		011101010		001001		110110		1
1		0		0		0		0		100001100		011101010		001001		110110		1
0		0		1		0		0		100001101		011101010		001001		110110		1
1		0		1		0		0		100001101		011101010		001001		110110		1
0		1		0		0		0		100001110		011101101		001001		110111		1
1		1		0		0		0		100001110		011101101		001001		110111		1
0		0		0		0		0		100001111		011101101		001010		110111		1
1		0		0		0		0		100001111		011101101		001010		110111		1
0		0		1		0		0		100010000		011101101		001010		110111		1
1		0		1		0		0		100010000		011101101		001010		110111		1
0		0		0		0		0		100010001		011101110		001010		111000		1
1		0		0		0		0		100010001		011101110		001010		111000		1
0		1		1		0		0		100010010		011101110		001010		111000		1
1		1		1		0		0		100010010		011101110		001010		111000		1
0		0		0		0		0		100010011		011110000		001011		111001		1
1		0		0		0		0		100010011		011110000		001011		111001		1
0		1		0		0		0		100010100		011110000		001011		111001		1
1		1		0		0		0		100010100		011110000		001011		111001		1
0		1		1		0		0		100010101		011110000		001100		111001		1
1		1		1		0		0		100010101		011110000		001100		111001		1
0		0		0		0		0		100010110		011110001		001101		111010		1
1		0		0		0		0		100010110		011110001		001101		111010		1
0		0		1		0		0		100010111		011110001		001101		111010		1
1		0		1		0		0		100010111		011110001		001101		111010		1
0		0		0		0		0		100011000		011110010		001101		111011		1
1		0		0		0		0		100011000		011110010		001101		111011		1
0		1		0		0		0		100011001		011110010		001101		111011		1
1		1		0		0		0		100011001		011110010		001101		111011		1
0		0		0		0		0		100011010		011110010		001110		111011		1
1		0		0		0		0		100011010		011110010		001110		111011		1
0		0		0		0		0		100011011		011110010		001110		111011		1
1		0		0		0		0		100011011		011110010		001110		111011		1
0		0		1		0		0		100011100		011110010		001110		111011		1
1		0		1		0		0		100011100		011110010		001110		111011		1
0		1		0		0		0		100011101		011110100		001110		111100		1
1		1		0		0		0		100011101		011110100		001110		111100		1
0		0		1		0		0		100011110		011110100		001111		111100		1
1		0		1		0		0		100011110		011110100		001111		111100		1
0		1		1		0		0		100011111		011110110		001111		111101		1
1		1		1		0		0		100011111		011110110		001111		111101		1
0		0		0		0		0		100100000		011110111		010000		111110		1
1		0		0		0		0		100100000		011110111		010000		111110		1
0		0		0		0		0		100100001		011110111		010000		111110		1
1		0		0		0		0		100100001		011110111		010000		111110		1
0		1		1		0		0		100100010		011110111		010000		111110		1
1		1		1		0		0		100100010		011110111		010000		111110		1
0		0		1		0		0		100100011		011111001		010001		111111		1
1		0		1		0		0		100100011		011111001		010001		111111		1
1		0		1		0		0		100100011		011111100		010001		000000		0
0		0		0		0		0		100100100		011111100		010001		000000		0
1		0		0		0		0		100100100		011111100		010001		000000		0
0		1		1		0		0		100100101		011111100		010001		000000		0
1		1		1		0		0		100100101		011111100		010001		000000		0
0		1		0		0		0		100100110		011111101		010010		000001		0
1		1		0		0		0		100100110		011111101		010010		000001		0
0		0		1		0		0		100100111		011111101		010011		000001		0
1		0		1		0		0		100100111		011111101		010011		000001		0
0		1		0		0		0		100101000		011111111		010011		000010		0
1		1		0		0		0		100101000		011111111		010011		000010		0
0		0		1		0		0		100101001		011111111		010100		000010		0
1		0		1		0		0		100101001		011111111		010100		000010		0
0		0		0		0		0		100101010		100000000		010100		000011		0
1		0		0		0		0		100101010		100000000		010100		000011		0
0		0		1		0		0		100101011		100000000		010100		000011		0
1		0		1		0		0		100101011		100000000		010100		000011		0
0		1		1		0		0		100101100		100000010		010100		000100		0
1		1		1		0		0		100101100		100000010		010100		000100		0
0		0		1		0		0		100101101		100000100		010101		000101		0
1		0		1		0		0		100101101		100000100		010101		000101		0
0		0		0		0		0		100101110		100000101		010101		000110		0
1		0		0		0		0		100101110		100000101		010101		000110		0
0		1		1		0		0		100101111		100000101		010101		000110		0
1		1		1		0		0		100101111		100000101		010101		000110		0
0		1		1		0		0		100110000		100000110		010110		000111		0
1		1		1		0		0		100110000		100000110		010110		000111		0
0		0		0		0		0		100110001		100001010		010111		001000		0
1		0		0		0		0		100110001		100001010		010111		001000		0
0		1		0		0		0		100110010		100001010		010111		001000		0
1		1		0		0		0		100110010		100001010		010111		001000		0
0		0		0		0		0		100110011		100001010		011000		001000		0
1		0		0		0		0		100110011		100001010		011000		001000		0
0		1		1		0		0		100110100		100001010		011000		001000		0
1		1		1		0		0		100110100		100001010		011000		001000		0
0		0		0		0		0		100110101		100001011		011001		001001		0
1		0		0		0		0		100110101		100001011		011001		001001		0
0		1		1		0		0		100110110		100001011		011001		001001		0
1		1		1		0		0		100110110		100001011		011001		001001		0
0		0		0		0		0		100110111		100001110		011010		001010		0
1		0		0		0		0		100110111		100001110		011010		001010		0
0		1		0		0		0		100111000		100001110		011010		001010		0
1		1		0		0		0		100111000		100001110		011010		001010		0
0		0		1		0		0		100111001		100001110		011011		001010		0
1		0		1		0		0		100111001		100001110		011011		001010		0
0		0		1		0		0		100111010		100010010		011011		001011		0
1		0		1		0		0		100111010		100010010		011011		001011		0
0		0		0		0		0		100111011		100010100		011011		001100		0
1		0		0		0		0		100111011		100010100		011011		001100		0
0		1		1		0		0		100111100		100010100		011011		001100		0
1		1		1		0		0		100111100		100010100		011011		001100		0
0		0		1		0		0		100111101		100010101		011100		001101		0
1		0		1		0		0		100111101		100010101		011100		001101		0
0		0		1		0		0		100111110		100011001		011100		001110		0
1		0		1		0		0		100111110		100011001		011100		001110		0
0		1		1		0		0		100111111		100011101		011100		001111		0
1		1		1		0		0		100111111		100011101		011100		001111		0
0		1		1		0		0		101000000		100011111		011101		010000		0
1		1		1		0		0		101000000		100011111		011101		010000		0
0		1		0		0		0		101000001		100100010		011110		010001		0
1		1		0		0		0		101000001		100100010		011110		010001		0
0		1		0		0		0		101000010		100100010		011111		010001		0
1		1		0		0		0		101000010		100100010		011111		010001		0
0		1		1		0		0		101000011		100100010		100000		010001		0
1		1		1		0		0		101000011		100100010		100000		010001		0
0		0		0		0		0		101000100		100100101		100001		010010		0
1		0		0		0		0		101000100		100100101		100001		010010		0
0		0		1		0		0		101000101		100100101		100001		010010		0
1		0		1		0		0		101000101		100100101		100001		010010		0
0		0		0		0		0		101000110		100100110		100001		010011		0
1		0		0		0		0		101000110		100100110		100001		010011		0
0		1		0		0		0		101000111		100100110		100001		010011		0
1		1		0		0		0		101000111		100100110		100001		010011		0
0		1		1		0		0		101001000		100100110		100010		010011		0
1		1		1		0		0		101001000		100100110		100010		010011		0
0		0		0		0		0		101001001		100101000		100011		010100		0
1		0		0		0		0		101001001		100101000		100011		010100		0
0		1		1		0		0		101001010		100101000		100011		010100		0
1		1		1		0		0		101001010		100101000		100011		010100		0
0		1		1		0		0		101001011		100101100		100100		010101		0
1		1		1		0		0		101001011		100101100		100100		010101		0
0		0		0		0		0		101001100		100101111		100101		010110		0
1		0		0		0		0		101001100		100101111		100101		010110		0
0		0		0		0		0		101001101		100101111		100101		010110		0
1		0		0		0		0		101001101		100101111		100101		010110		0
0		1		1		0		0		101001110		100101111		100101		010110		0
1		1		1		0		0		101001110		100101111		100101		010110		0
0		1		1		0		0		101001111		100110000		100110		010111		0
1		1		1		0		0		101001111		100110000		100110		010111		0
0		0		0		0		0		101010000		100110010		100111		011000		0
1		0		0		0		0		101010000		100110010		100111		011000		0
0		1		0		0		0		101010001		100110010		100111		011000		0
1		1		0		0		0		101010001		100110010		100111		011000		0
0		0		0		0		0		101010010		100110010		101000		011000		0
1		0		0		0		0		101010010		100110010		101000		011000		0
0		0		1		0		0		101010011		100110010		101000		011000		0
1		0		1		0		0		101010011		100110010		101000		011000		0
0		1		1		0		0		101010100		100110100		101000		011001		0
1		1		1		0		0		101010100		100110100		101000		011001		0
0		1		1		0		0		101010101		100110110		101001		011010		0
1		1		1		0		0		101010101		100110110		101001		011010		0
0		1		0		0		0		101010110		100111000		101010		011011		0
1		1		0		0		0		101010110		100111000		101010		011011		0
0		1		0		0		0		101010111		100111000		101011		011011		0
1		1		0		0		0		101010111		100111000		101011		011011		0
0		1		1		0		0		101011000		100111000		101100		011011		0
1		1		1		0		0		101011000		100111000		101100		011011		0
0		1		1		0		0		101011001		100111100		101101		011100		0
1		1		1		0		0		101011001		100111100		101101		011100		0
0		0		0		0		0		101011010		100111111		101110		011101		0
1		0		0		0		0		101011010		100111111		101110		011101		0
0		1		1		0		0		101011011		100111111		101110		011101		0
1		1		1		0		0		101011011		100111111		101110		011101		0
0		0		1		0		0		101011100		101000000		101111		011110		0
1		0		1		0		0		101011100		101000000		101111		011110		0
0		1		1		0		0		101011101		101000001		101111		011111		0
1		1		1		0		0		101011101		101000001		101111		011111		0
0		1		1		0		0		101011110		101000010		110000		100000		0
1		1		1		0		0		101011110		101000010		110000		100000		0
0		0		1		0		0		101011111		101000011		110001		100001		0
1		0		1		0		0		101011111		101000011		110001		100001		0
0		0		1		0		0		101100000		101000111		110001		100010		0
1		0		1		0		0		101100000		101000111		110001		100010		0
0		1		0		0		0		101100001		101001000		110001		100011		0
1		1		0		0		0		101100001		101001000		110001		100011		0
0		0		0		0		0		101100010		101001000		110010		100011		0
1		0		0		0		0		101100010		101001000		110010		100011		0
0		0		0		0		0		101100011		101001000		110010		100011		0
1		0		0		0		0		101100011		101001000		110010		100011		0
0		0		1		0		0		101100100		101001000		110010		100011		0
1		0		1		0		0		101100100		101001000		110010		100011		0
0		1		1		0		0		101100101		101001010		110010		100100		0
1		1		1		0		0		101100101		101001010		110010		100100		0
0		1		0		0		0		101100110		101001011		110011		100101		0
1		1		0		0		0		101100110		101001011		110011		100101		0
0		1		0		0		0		101100111		101001011		110100		100101		0
1		1		0		0		0		101100111		101001011		110100		100101		0
0		0		1		0		0		101101000		101001011		110101		100101		0
1		0		1		0		0		101101000		101001011		110101		100101		0
0		1		0		0		0		101101001		101001110		110101		100110		0
1		1		0		0		0		101101001		101001110		110101		100110		0
0		0		1		0		0		101101010		101001110		110110		100110		0
1		0		1		0		0		101101010		101001110		110110		100110		0
0		0		0		0		0		101101011		101001111		110110		100111		0
1		0		0		0		0		101101011		101001111		110110		100111		0
0		0		0		0		0		101101100		101001111		110110		100111		0
1		0		0		0		0		101101100		101001111		110110		100111		0
0		0		1		0		0		101101101		101001111		110110		100111		0
1		0		1		0		0		101101101		101001111		110110		100111		0
0		0		1		0		0		101101110		101010001		110110		101000		0
1		0		1		0		0		101101110		101010001		110110		101000		0
0		1		0		0		0		101101111		101010100		110110		101001		0
1		1		0		0		0		101101111		101010100		110110		101001		0
0		0		1		0		0		101110000		101010100		110111		101001		0
1		0		1		0		0		101110000		101010100		110111		101001		0
0		1		0		0		0		101110001		101010101		110111		101010		0
1		1		0		0		0		101110001		101010101		110111		101010		0
0		0		1		0		0		101110010		101010101		111000		101010		0
1		0		1		0		0		101110010		101010101		111000		101010		0
0		1		0		0		0		101110011		101010110		111000		101011		0
1		1		0		0		0		101110011		101010110		111000		101011		0
0		1		0		0		0		101110100		101010110		111001		101011		0
1		1		0		0		0		101110100		101010110		111001		101011		0
0		0		1		0		0		101110101		101010110		111010		101011		0
1		0		1		0		0		101110101		101010110		111010		101011		0
0		0		0		0		0		101110110		101010111		111010		101100		0
1		0		0		0		0		101110110		101010111		111010		101100		0
0		1		1		0		0		101110111		101010111		111010		101100		0
1		1		1		0		0		101110111		101010111		111010		101100		0
0		1		0		0		0		101111000		101011000		111011		101101		0
1		1		0		0		0		101111000		101011000		111011		101101		0
0		1		1		0		0		101111001		101011000		111100		101101		0
1		1		1		0		0		101111001		101011000		111100		101101		0
0		1		0		0		0		101111010		101011001		111101		101110		0
1		1		0		0		0		101111010		101011001		111101		101110		0
0		0		0		0		0		101111011		101011001		111110		101110		0
1		0		0		0		0		101111011		101011001		111110		101110		0
0		0		1		0		0		101111100		101011001		111110		101110		0
1		0		1		0		0		101111100		101011001		111110		101110		0
0		1		0		0		0		101111101		101011011		111110		101111		0
1		1		0		0		0		101111101		101011011		111110		101111		0
0		0		1		0		0		101111110		101011011		111111		101111		0
1		0		1		0		0		101111110		101011011		111111		101111		0
0		0		0		0		0		101111111		101011101		111111		110000		0
1		0		0		0		0		101111111		101011101		111111		110000		0
0		0		0		0		0		110000000		101011101		111111		110000		0
1		0		0		0		0		110000000		101011101		111111		110000		0
0		0		1		0		0		110000001		101011101		111111		110000		0
1		0		1		0		0		110000001		101011101		111111		110000		0
0		1		0		0		0		110000010		101011110		111111		110001		0
1		1		0		0		0		110000010		101011110		111111		110001		0
1		1		0		0		0		110000010		101011110		000000		110001		1
0		0		0		0		0		110000011		101011110		000000		110001		1
1		0		0		0		0		110000011		101011110		000000		110001		1
0		0		1		0		0		110000100		101011110		000000		110001		1
1		0		1		0		0		110000100		101011110		000000		110001		1
0		1		0		0		0		110000101		101100001		000000		110010		1
1		1		0		0		0		110000101		101100001		000000		110010		1
0		0		1		0		0		110000110		101100001		000001		110010		1
1		0		1		0		0		110000110		101100001		000001		110010		1
0		0		0		0		0		110000111		101100101		000001		110011		1
1		0		0		0		0		110000111		101100101		000001		110011		1
0		1		0		0		0		110001000		101100101		000001		110011		1
1		1		0		0		0		110001000		101100101		000001		110011		1
0		1		1		0		0		110001001		101100101		000010		110011		1
1		1		1		0		0		110001001		101100101		000010		110011		1
0		0		1		0		0		110001010		101100110		000011		110100		1
1		0		1		0		0		110001010		101100110		000011		110100		1
0		1		0		0		0		110001011		101100111		000011		110101		1
1		1		0		0		0		110001011		101100111		000011		110101		1
0		0		1		0		0		110001100		101100111		000100		110101		1
1		0		1		0		0		110001100		101100111		000100		110101		1
0		0		1		0		0		110001101		101101001		000100		110110		1
1		0		1		0		0		110001101		101101001		000100		110110		1
0		0		1		0		0		110001110		101101111		000100		110111		1
1		0		1		0		0		110001110		101101111		000100		110111		1
0		0		0		0		0		110001111		101110001		000100		111000		1
1		0		0		0		0		110001111		101110001		000100		111000		1
0		1		1		0		0		110010000		101110001		000100		111000		1
1		1		1		0		0		110010000		101110001		000100		111000		1
0		1		0		0		0		110010001		101110011		000101		111001		1
1		1		0		0		0		110010001		101110011		000101		111001		1
0		1		0		0		0		110010010		101110011		000110		111001		1
1		1		0		0		0		110010010		101110011		000110		111001		1
0		1		1		0		0		110010011		101110011		000111		111001		1
1		1		1		0		0		110010011		101110011		000111		111001		1
0		1		1		0		0		110010100		101110100		001000		111010		1
1		1		1		0		0		110010100		101110100		001000		111010		1
0		1		0		0		0		110010101		101110111		001001		111011		1
1		1		0		0		0		110010101		101110111		001001		111011		1
0		1		1		0		0		110010110		101110111		001010		111011		1
1		1		1		0		0		110010110		101110111		001010		111011		1
0		1		1		0		0		110010111		101111000		001011		111100		1
1		1		1		0		0		110010111		101111000		001011		111100		1
0		0		0		0		0		110011000		101111001		001100		111101		1
1		0		0		0		0		110011000		101111001		001100		111101		1
0		0		1		0		0		110011001		101111001		001100		111101		1
1		0		1		0		0		110011001		101111001		001100		111101		1
0		0		1		0		0		110011010		101111010		001100		111110		1
1		0		1		0		0		110011010		101111010		001100		111110		1
0		1		1		0		0		110011011		101111101		001100		111111		1
1		1		1		0		0		110011011		101111101		001100		111111		1
1		1		1		0		0		110011011		110000010		001101		000000		0
0		1		1		0		0		110011100		110000010		001101		000000		0
1		1		1		0		0		110011100		110000010		001101		000000		0
0		0		0		0		0		110011101		110000101		001110		000001		0
1		0		0		0		0		110011101		110000101		001110		000001		0
0		1		0		0		0		110011110		110000101		001110		000001		0
1		1		0		0		0		110011110		110000101		001110		000001		0
0		1		0		0		0		110011111		110000101		001111		000001		0
1		1		0		0		0		110011111		110000101		001111		000001		0
0		0		0		0		0		110100000		110000101		010000		000001		0
1		0		0		0		0		110100000		110000101		010000		000001		0
0		0		0		0		0		110100001		110000101		010000		000001		0
1		0		0		0		0		110100001		110000101		010000		000001		0
0		0		0		0		0		110100010		110000101		010000		000001		0
1		0		0		0		0		110100010		110000101		010000		000001		0
0		1		1		0		0		110100011		110000101		010000		000001		0
1		1		1		0		0		110100011		110000101		010000		000001		0
0		1		0		0		0		110100100		110001000		010001		000010		0
1		1		0		0		0		110100100		110001000		010001		000010		0
0		0		1		0		0		110100101		110001000		010010		000010		0
1		0		1		0		0		110100101		110001000		010010		000010		0
0		1		0		0		0		110100110		110001001		010010		000011		0
1		1		0		0		0		110100110		110001001		010010		000011		0
0		0		0		0		0		110100111		110001001		010011		000011		0
1		0		0		0		0		110100111		110001001		010011		000011		0
0		1		0		0		0		110101000		110001001		010011		000011		0
1		1		0		0		0		110101000		110001001		010011		000011		0
0		0		0		0		0		110101001		110001001		010100		000011		0
1		0		0		0		0		110101001		110001001		010100		000011		0
0		1		0		0		0		110101010		110001001		010100		000011		0
1		1		0		0		0		110101010		110001001		010100		000011		0
0		0		0		0		0		110101011		110001001		010101		000011		0
1		0		0		0		0		110101011		110001001		010101		000011		0
0		0		1		0		0		110101100		110001001		010101		000011		0
1		0		1		0		0		110101100		110001001		010101		000011		0
0		1		0		0		0		110101101		110001011		010101		000100		0
1		1		0		0		0		110101101		110001011		010101		000100		0
0		1		0		0		0		110101110		110001011		010110		000100		0
1		1		0		0		0		110101110		110001011		010110		000100		0
0		0		0		0		0		110101111		110001011		010111		000100		0
1		0		0		0		0		110101111		110001011		010111		000100		0
0		0		0		0		0		110110000		110001011		010111		000100		0
1		0		0		0		0		110110000		110001011		010111		000100		0
0		1		1		0		0		110110001		110001011		010111		000100		0
1		1		1		0		0		110110001		110001011		010111		000100		0
0		0		1		0		0		110110010		110010000		011000		000101		0
1		0		1		0		0		110110010		110010000		011000		000101		0
0		0		1		0		0		110110011		110010001		011000		000110		0
1		0		1		0		0		110110011		110010001		011000		000110		0
0		1		0		0		0		110110100		110010010		011000		000111		0
1		1		0		0		0		110110100		110010010		011000		000111		0
0		1		0		0		0		110110101		110010010		011001		000111		0
1		1		0		0		0		110110101		110010010		011001		000111		0
0		1		0		0		0		110110110		110010010		011010		000111		0
1		1		0		0		0		110110110		110010010		011010		000111		0
0		1		0		0		0		110110111		110010010		011011		000111		0
1		1		0		0		0		110110111		110010010		011011		000111		0
0		0		0		0		0		110111000		110010010		011100		000111		0
1		0		0		0		0		110111000		110010010		011100		000111		0
0		0		1		0		0		110111001		110010010		011100		000111		0
1		0		1		0		0		110111001		110010010		011100		000111		0
0		1		0		0		0		110111010		110010011		011100		001000		0
1		1		0		0		0		110111010		110010011		011100		001000		0
0		1		1		0		0		110111011		110010011		011101		001000		0
1		1		1		0		0		110111011		110010011		011101		001000		0
0		0		0		0		0		110111100		110010100		011110		001001		0
1		0		0		0		0		110111100		110010100		011110		001001		0
0		0		1		0		0		110111101		110010100		011110		001001		0
1		0		1		0		0		110111101		110010100		011110		001001		0
0		1		1		0		0		110111110		110010101		011110		001010		0
1		1		1		0		0		110111110		110010101		011110		001010		0
0		1		0		0		0		110111111		110010110		011111		001011		0
1		1		0		0		0		110111111		110010110		011111		001011		0
0		1		0		0		0		111000000		110010110		100000		001011		0
1		1		0		0		0		111000000		110010110		100000		001011		0
0		1		0		0		0		111000001		110010110		100001		001011		0
1		1		0		0		0		111000001		110010110		100001		001011		0
0		0		0		0		0		111000010		110010110		100010		001011		0
1		0		0		0		0		111000010		110010110		100010		001011		0
0		0		1		0		0		111000011		110010110		100010		001011		0
1		0		1		0		0		111000011		110010110		100010		001011		0
0		0		1		0		0		111000100		110010111		100010		001100		0
1		0		1		0		0		111000100		110010111		100010		001100		0
0		1		0		0		0		111000101		110011011		100010		001101		0
1		1		0		0		0		111000101		110011011		100010		001101		0
0		1		1		0		0		111000110		110011011		100011		001101		0
1		1		1		0		0		111000110		110011011		100011		001101		0
0		1		1		0		0		111000111		110011100		100100		001110		0
1		1		1		0		0		111000111		110011100		100100		001110		0
0		1		0		0		0		111001000		110011110		100101		001111		0
1		1		0		0		0		111001000		110011110		100101		001111		0
0		0		0		0		0		111001001		110011110		100110		001111		0
1		0		0		0		0		111001001		110011110		100110		001111		0
0		1		1		0		0		111001010		110011110		100110		001111		0
1		1		1		0		0		111001010		110011110		100110		001111		0
0		1		1		0		0		111001011		110011111		100111		010000		0
1		1		1		0		0		111001011		110011111		100111		010000		0
0		0		0		0		0		111001100		110100011		101000		010001		0
1		0		0		0		0		111001100		110100011		101000		010001		0
0		0		1		0		0		111001101		110100011		101000		010001		0
1		0		1		0		0		111001101		110100011		101000		010001		0
0		0		0		0		0		111001110		110100100		101000		010010		0
1		0		0		0		0		111001110		110100100		101000		010010		0
0		0		1		0		0		111001111		110100100		101000		010010		0
1		0		1		0		0		111001111		110100100		101000		010010		0
0		0		0		0		0		111010000		110100110		101000		010011		0
1		0		0		0		0		111010000		110100110		101000		010011		0
0		0		1		0		0		111010001		110100110		101000		010011		0
1		0		1		0		0		111010001		110100110		101000		010011		0
0		1		0		0		0		111010010		110101000		101000		010100		0
1		1		0		0		0		111010010		110101000		101000		010100		0
0		0		1		0		0		111010011		110101000		101001		010100		0
1		0		1		0		0		111010011		110101000		101001		010100		0
0		1		0		0		0		111010100		110101010		101001		010101		0
1		1		0		0		0		111010100		110101010		101001		010101		0
0		1		0		0		0		111010101		110101010		101010		010101		0
1		1		0		0		0		111010101		110101010		101010		010101		0
0		1		0		0		0		111010110		110101010		101011		010101		0
1		1		0		0		0		111010110		110101010		101011		010101		0
0		0		0		0		0		111010111		110101010		101100		010101		0
1		0		0		0		0		111010111		110101010		101100		010101		0
0		1		0		0		0		111011000		110101010		101100		010101		0
1		1		0		0		0		111011000		110101010		101100		010101		0
0		1		0		0		0		111011001		110101010		101101		010101		0
1		1		0		0		0		111011001		110101010		101101		010101		0
0		1		0		0		0		111011010		110101010		101110		010101		0
1		1		0		0		0		111011010		110101010		101110		010101		0
0		0		0		0		0		111011011		110101010		101111		010101		0
1		0		0		0		0		111011011		110101010		101111		010101		0
0		1		0		0		0		111011100		110101010		101111		010101		0
1		1		0		0		0		111011100		110101010		101111		010101		0
0		1		1		0		0		111011101		110101010		110000		010101		0
1		1		1		0		0		111011101		110101010		110000		010101		0
0		1		1		0		0		111011110		110101101		110001		010110		0
1		1		1		0		0		111011110		110101101		110001		010110		0
0		1		0		0		0		111011111		110101110		110010		010111		0
1		1		0		0		0		111011111		110101110		110010		010111		0
0		0		1		0		0		111100000		110101110		110011		010111		0
1		0		1		0		0		111100000		110101110		110011		010111		0
0		1		1		0		0		111100001		110110001		110011		011000		0
1		1		1		0		0		111100001		110110001		110011		011000		0
0		0		1		0		0		111100010		110110100		110100		011001		0
1		0		1		0		0		111100010		110110100		110100		011001		0
0		0		0		0		0		111100011		110110101		110100		011010		0
1		0		0		0		0		111100011		110110101		110100		011010		0
0		0		1		0		0		111100100		110110101		110100		011010		0
1		0		1		0		0		111100100		110110101		110100		011010		0
0		1		0		0		0		111100101		110110110		110100		011011		0
1		1		0		0		0		111100101		110110110		110100		011011		0
0		1		0		0		0		111100110		110110110		110101		011011		0
1		1		0		0		0		111100110		110110110		110101		011011		0
0		0		0		0		0		111100111		110110110		110110		011011		0
1		0		0		0		0		111100111		110110110		110110		011011		0
0		1		1		0		0		111101000		110110110		110110		011011		0
1		1		1		0		0		111101000		110110110		110110		011011		0
0		0		0		0		0		111101001		110110111		110111		011100		0
1		0		0		0		0		111101001		110110111		110111		011100		0
0		0		1		0		0		111101010		110110111		110111		011100		0
1		0		1		0		0		111101010		110110111		110111		011100		0
0		1		1		0		0		111101011		110111010		110111		011101		0
1		1		1		0		0		111101011		110111010		110111		011101		0
0		0		0		0		0		111101100		110111011		111000		011110		0
1		0		0		0		0		111101100		110111011		111000		011110		0
0		0		0		0		0		111101101		110111011		111000		011110		0
1		0		0		0		0		111101101		110111011		111000		011110		0
0		1		0		0		0		111101110		110111011		111000		011110		0
1		1		0		0		0		111101110		110111011		111000		011110		0
0		1		0		0		0		111101111		110111011		111001		011110		0
1		1		0		0		0		111101111		110111011		111001		011110		0
0		0		1		0		0		111110000		110111011		111010		011110		0
1		0		1		0		0		111110000		110111011		111010		011110		0
0		1		1		0		0		111110001		110111110		111010		011111		0
1		1		1		0		0		111110001		110111110		111010		011111		0
0		0		0		0		0		111110010		110111111		111011		100000		0
1		0		0		0		0		111110010		110111111		111011		100000		0
0		1		1		0		0		111110011		110111111		111011		100000		0
1		1		1		0		0		111110011		110111111		111011		100000		0
0		0		1		0		0		111110100		111000000		111100		100001		0
1		0		1		0		0		111110100		111000000		111100		100001		0
0		0		1		0		0		111110101		111000001		111100		100010		0
1		0		1		0		0		111110101		111000001		111100		100010		0
0		1		0		0		0		111110110		111000101		111100		100011		0
1		1		0		0		0		111110110		111000101		111100		100011		0
0		1		1		0		0		111110111		111000101		111101		100011		0
1		1		1		0		0		111110111		111000101		111101		100011		0
0		0		0		0		0		111111000		111000110		111110		100100		0
1		0		0		0		0		111111000		111000110		111110		100100		0
0		0		0		0		0		111111001		111000110		111110		100100		0
1		0		0		0		0		111111001		111000110		111110		100100		0
0		1		0		0		0		111111010		111000110		111110		100100		0
1		1		0		0		0		111111010		111000110		111110		100100		0
0		1		1		0		0		111111011		111000110		111111		100100		0
1		1		1		0		0		111111011		111000110		111111		100100		0
1		1		1		0		0		111111011		111000111		000000		100101		1
0		0		0		0		0		111111100		111000111		000000		100101		1
1		0		0		0		0		111111100		111000111		000000		100101		1
0		0		0		0		0		111111101		111000111		000000		100101		1
1		0		0		0		0		111111101		111000111		000000		100101		1
0		0		0		0		0		111111110		111000111		000000		100101		1
1		0		0		0		0		111111110		111000111		000000		100101		1
- tb.sv:28: Verilog $finish
0		0		0		0		0		111111110		111000111		000000		100101		1
- S i m u l a t i o n   R e p o r t: Verilator 5.037 devel
- Verilator: $finish at 5us; walltime 0.016 s; speed 592.161 us/s
- Verilator: cpu 0.009 s on 1 threads; alloced 137 MB
